$ANSIBLE_VAULT;1.1;AES256
33306564386238616239316436323830613737616631326464303064323830626436323631383939
3465346138663235343633643834633637386464346264370a643333643038393634393231343366
36653761356336636638646630613730373131303063303866373464366331356435306561313739
3463623631323437660a643638383836333463333134636637346365333933643030613332306163
35633361613030616566373366333563343464333935366433643965633831636233613963613938
64663561323664636166383334396233383966303937313239323836636637633764373666376438
34643465363635613432656235303034663635323865383964303335613734653035636130613663
66376263366438663338393833323963343831393337306336393462366436396539623034393331
30383961306438336137646163323237303335613437313761306336383936393030346337316333
37613161383061623837346434646330376530343266353366306533343832353539316537353534
30323464393436346233306365656230633462346132323436633839303234616635363530323666
36313532306639316439393539646335363933326461363430386632376265336665663763363438
66656163316131303036666337373534646464383261646265646562333736323339343932373736
30323663646232626530333337623565383164316431626538333539336639343530383265326439
64613062623330663463343663323366613332646664633233346434303761656631646162646535
38386263306636323431323165303831636235623435373732343762373532336462666536653366
33376639343139306235656333373732663235313163303766343161656137343337323633656334
38393732626238663937623161623438353432396434306333386335306234353632623537613433
63316232373366366137386535393135636633646133383633636236653865656331363864663963
64323162323330626562376164613536663830633939383964376438633137313065336463633935
34613330656161666632323032316238343731396566303630333738343461373639616539356535
37393366323635356636656361636365613732316665343033613333616265353337366332356264
39316234663333636664623934323963643366613061616364633366353136663465383064383036
65653365653837336636656533653331326432623039633736626661313761356262363736366231
33303662393531643636336462376165353738303430663132363630313435656632656639653333
30353835313431643733386461633930313935323730663462336239396134343665313237393936
36316134653632383563383234396336633935356437643063356261663631363031656336363361
63373830333632656132
